0000000004
0000000104
0000010004
0000010024
0000021004
0000100201
0000121022
0002100002
0010000004
0010000024
0010210008
0011200000
0012000104
0012012000
0020001108
0021000014
0022010104
0110220003
0112021214
0120100007
0200001108
0200112123
0201001020
0210000015
0210122110
0211012008
0212122110
0221122110
1000000004
1000010204
1000120208
1000210001
1101002027
1102210122
1200201007
1201020122
1201102005
1202000104
2001002104
2001012004
2010000015
2020112111
2020211108
2110110226
2111202215
2112020114
2120111223
2122211017
2202110112
2211012124
